90.4837
90.3778
90.2833
90.1992
90.1243
90.0577
89.9986
89.946
89.8994
89.858
89.8213
89.7887
89.7597
89.7339
89.7108
89.6902
89.6716
89.6547
89.6394
89.6252
89.612
89.5995
89.5876
89.576
89.5647
89.5535
89.5422
89.5307
89.5189
89.5068
89.4942
89.4811
89.4674
89.4532
89.4383
89.4227
89.4064
89.3895
89.3719
89.3536
89.3348
89.3153
89.2953
89.2748
89.2539
89.2326
89.211
89.1892
89.1673
89.1453
89.1232
89.1013
89.0796
89.0581
89.0369
89.0161
88.9958
88.976
88.9567
88.9382
88.9203
88.9031
88.8867
88.871
88.8562
88.8422
88.829
88.8166
88.805
88.7942
88.7841
88.7749
88.7663
88.7585
88.7513
88.7448
88.7389
88.7335
88.7287
88.7244
88.7205
88.7171
88.714
88.7113
88.7089
88.7068
88.705
88.7034
88.702
88.7008
88.6998
88.6989
88.6982
88.6975
88.697
88.6965
88.6961
88.6958
88.6955
88.6953
88.6951
88.6949
88.6947
88.6946
88.6945
88.6944
88.6943
88.6942
88.694
88.6939
88.6938
88.6936
88.6934
88.6932
88.693
88.6927
88.6923
88.6919
88.6914
88.6908
88.6901
88.6893
88.6884
88.6873
88.6861
88.6847
88.683
88.6811
88.679
88.6765
88.6737
88.6706
88.6671
88.6631
88.6587
88.6538
88.6483
88.6423
88.6357
88.6284
88.6205
88.6118
88.6024
88.5923
88.5814
88.5697
88.5572
88.5439
88.5298
88.5149
88.4991
88.4826
88.4654
88.4474
88.4288
88.4095
88.3897
88.3693
88.3485
88.3273
88.3058
88.284
88.2621
88.2401
88.2181
88.1962
88.1744
88.1529
88.1317
88.1109
88.0905
88.0707
88.0514
88.0328
88.0148
87.9976
87.981
87.9652
87.9502
87.936
87.9225
87.9098
87.8979
87.8867
87.8762
87.8663
87.8571
87.8485
87.8404
87.8328
87.8256
87.8189
87.8124
87.8062
87.8001
87.7942
87.7884
87.7826
87.7767
87.7706
87.7644
87.7579
87.751
87.7438
87.7361
87.728
87.7193
87.71
87.7001
87.6895
87.6782
87.6662
87.6534
87.6398
87.6255
87.6104
87.5945
87.5779
87.5605
87.5425
87.5237
87.5044
87.4844
87.4639
87.4429
87.4216
87.3999
87.3779
87.3557
87.3334
87.3111
87.2888
87.2665
87.2444
87.2226
87.201
87.1798
87.1589
87.1384
87.1184
87.0989
87.0798
87.0612
87.0432
87.0255
87.0084
86.9916
86.9752
86.9592
86.9435
86.928
86.9127
86.8975
86.8824
86.8672
86.852
86.8367
86.8211
86.8053
86.7892
86.7727
86.7558
86.7385
86.7207
86.7023
86.6834
86.664
86.6441
86.6235
86.6025
86.581
86.5589
86.5364
86.5135
86.4902
86.4665
86.4426
86.4183
86.3939
86.3693
86.3446
86.3198
86.2949
86.27
86.2452
86.2204
86.1956
86.1709
86.1463
86.1217
86.0972
86.0728
86.0484
86.024
85.9996
85.9752
85.9507
85.9262
85.9016
85.8768
85.8519
85.8267
85.8014
85.7758
85.75
85.7239
85.6976
85.671
85.6441
85.617
85.5896
85.5619
85.5341
85.5059
85.4776
85.4491
85.4204
85.3915
85.3624
85.3333
85.3039
85.2745
85.245
85.2153
85.1855
85.1557
85.1257
85.0955
85.0653
85.0349
85.0044
84.9737
84.9428
84.9118
84.8806
84.8491
84.8175
84.7856
84.7535
84.7212
84.6886
84.6558
84.6227
84.5894
84.5558
84.522
84.488
84.4537
84.4192
84.3845
84.3496
84.3144
84.279
84.2434
84.2076
84.1716
84.1354
84.099
84.0623
84.0255
83.9885
83.9512
83.9138
83.8761
83.8383
83.8002
83.7619
83.7234
83.6847
83.6457
83.6066
83.5673
83.5277
83.4879
83.4479
83.4077
83.3673
83.3266
83.2858
83.2447
83.2034
83.1619
83.1202
83.0783
83.0361
82.9937
82.9511
82.9082
82.8651
82.8218
82.7782
82.7344
82.6903
82.646
82.6014
82.5565
82.5113
82.4659
82.4201
82.3741
82.3278
82.2811
82.2342
82.1869
82.1393
82.0913
82.0431
81.9944
81.9454
81.8961
81.8464
81.7963
81.7459
81.6951
81.6439
81.5923
81.5404
81.4881
81.4355
81.3824
81.329
81.2752
81.2211
81.1666
81.1117
81.0565
81.0009
80.945
80.8887
80.8321
80.7752
80.7179
80.6603
80.6024
80.5442
80.4856
80.4268
80.3676
80.3081
80.2483
80.1882
80.1278
80.0671
80.006
79.9446
79.8829
79.8209
79.7585
79.6957
79.6326
79.5692
79.5054
79.4412
79.3766
79.3116
79.2462
79.1805
79.1143
79.0476
78.9806
78.9131
78.8451
78.7767
78.7079
78.6386
78.5688
78.4985
78.4278
78.3566
78.2849
78.2128
78.1401
78.067
77.9935
77.9194
77.8449
77.7699
77.6944
77.6184
77.542
77.4652
77.3878
77.31
77.2317
77.153
77.0738
76.9941
76.914
76.8334
76.7523
76.6708
76.5888
76.5063
76.4233
76.3398
76.2559
76.1715
76.0865
76.001
75.915
75.8285
75.7415
75.6539
75.5658
75.4771
75.3878
75.298
75.2076
75.1166
75.0249
74.9327
74.8399
74.7465
74.6525
74.5578
74.4625
74.3666
74.27
74.1728
74.075
73.9765
73.8774
73.7777
73.6773
73.5763
73.4746
73.3723
73.2693
73.1658
73.0615
72.9567
72.8512
72.7451
72.6383
72.531
72.423
72.3143
72.2051
72.0952
71.9846
71.8735
71.7617
71.6493
71.5362
71.4225
71.3082
71.1932
71.0776
70.9613
70.8444
70.7268
70.6085
70.4896
70.37
70.2497
70.1288
70.0071
69.8848
69.7618
69.6381
69.5136
69.3885
69.2626
69.1361
69.0088
68.8807
68.752
68.6224
68.4922
68.3612
68.2294
68.0968
67.9635
67.8294
67.6945
67.5588
67.4223
67.285
67.1468
67.0078
66.868
66.7273
66.5857
66.4433
66.3
66.1558
66.0107
65.8646
65.7177
65.5698
65.4209
65.2711
65.1204
64.9687
64.816
64.6623
64.5077
64.3521
64.1954
64.0378
63.8791
63.7195
63.5588
63.3971
63.2343
63.0705
62.9057
62.7399
62.5729
62.405
62.2359
62.0658
61.8946
61.7224
61.549
61.3746
61.1991
61.0224
60.8447
60.6658
60.4859
60.3048
60.1225
59.9392
59.7547
59.5691
59.3823
59.1944
59.0053
58.815
58.6236
58.4311
58.2373
58.0424
57.8463
57.649
57.4506
57.2509
57.05
56.8479
56.6446
56.4401
56.2343
56.0273
55.819
55.6095
55.3987
55.1867
54.9734
54.7587
54.5428
54.3256
54.1071
53.8872
53.666
53.4435
53.2196
52.9943
52.7677
52.5396
52.3102
52.0794
51.8472
51.6135
51.3785
51.1419
50.9039
50.6645
50.4235
50.1811
49.9371
49.6916
49.4446
49.196
48.9459
48.6942
48.4409
48.186
47.9296
47.6715
47.4117
47.1504
46.8874
46.6228
46.3565
46.0885
45.8189
45.5476
45.2747
45.0001
44.7238
44.4458
44.1662
43.8849
43.6019
43.3173
43.031
42.743
42.4533
42.162
41.8689
41.5742
41.2778
40.9797
40.6799
40.3784
40.0751
39.7702
39.4634
39.1549
38.8446
38.5325
38.2186
37.9028
37.5852
37.2657
36.9443
36.621
36.2957
35.9684
35.6391
35.3078
34.9744
34.639
34.3015
33.9619
33.6202
33.2763
32.9302
32.582
32.2316
31.879
31.5241
31.1671
30.8078
30.4463
30.0825
29.7164
29.3481
28.9776
28.6047
28.2296
27.8522
27.4726
27.0906
26.7063
26.3198
25.9309
25.5397
25.1462
24.7504
24.3523
23.9519
23.5491
23.144
22.7366
22.3268
21.9148
21.5005
21.0838
20.665
20.2439
19.8206
19.3952
18.9678
18.5384
18.1071
17.6741
17.2393
16.8031
16.3656
15.9269
15.4873
15.0469
14.6061
14.1652
13.7243
13.284
12.8445
12.4062
11.9695
11.5349
11.1027
10.6736
10.248
9.8263
9.40914
8.99702
8.59047
8.19005
7.79628
7.4097
7.03085
6.66022
6.29832
5.94562
5.60256
5.26956
4.947
4.63523
4.33454
4.04519
3.7674
3.50134
3.24712
3.00482
2.77444
2.55596
2.34929
2.15432
1.97086
1.79871
1.63761
1.48726
1.34735
1.21751
1.09737
0.986528
0.884557
0.791027
0.705495
0.627511
0.556624
0.492386
0.434351
0.382083
0.335155
0.293154
0.255681
0.222353
0.192807
0.166697
0.143697
0.123504
0.105831
0.0904153
0.0770118
0.0653963
0.0553635
0.0467263
0.0393152
0.0329773
0.0275753
0.0229864
0.0191012
0.0158229
0.0130659
0.0107552
0.00882513
0.00721838
0.00588534
0.00478314
0.0038749
0.00312904
0.00251861
0.00202072
0.00161602
0.00128818
0.00102352
0.000810588
0.000639866
0.000503453
0.000394829
0.000308629
0.000240459
0.000186732
0.000144534
0.000111505
8.57407e-05
6.57129e-05
5.01975e-05
3.82192e-05
2.90033e-05
2.19372e-05
1.65378e-05
1.24263e-05
9.30616e-06
6.94645e-06
5.16797e-06
3.83214e-06
2.83222e-06
2.0863e-06
1.53176e-06
1.12091e-06
8.17553e-07
5.94327e-07
4.30627e-07
3.10988e-07
2.23848e-07
1.60594e-07
1.14836e-07
8.18449e-08
5.81402e-08
4.11655e-08
2.90511e-08
2.04345e-08
1.43265e-08
1.00113e-08
6.97301e-09
4.84091e-09
3.34976e-09
2.31036e-09
1.58829e-09
1.08833e-09
7.43326e-10
5.06039e-10
3.43382e-10
2.32252e-10
1.5658e-10
1.05221e-10
7.04803e-11
4.70575e-11
3.13177e-11
2.07755e-11
1.37377e-11
9.05491e-12
5.94923e-12
3.89624e-12
2.54356e-12
1.6552e-12
1.07368e-12
6.94255e-13
4.47488e-13
2.87519e-13
1.84151e-13
1.17574e-13
7.48298e-14
4.74756e-14
3.00262e-14
1.89307e-14
1.18979e-14
7.45444e-15
4.6559e-15
2.89894e-15
1.79938e-15
1.11341e-15
6.86822e-16
4.22366e-16
2.58935e-16
1.58255e-16
9.6424e-17
5.85707e-17
3.54687e-17
2.14133e-17
1.28883e-17
7.73365e-18
4.62652e-18
2.75936e-18
1.64077e-18
9.7269e-19
5.74902e-19
3.38772e-19
1.9903e-19
1.16581e-19
6.80836e-20
3.96426e-20
2.30139e-20
1.33208e-20
7.68746e-21
4.42337e-21
2.53773e-21
1.45164e-21
8.27941e-22
4.70835e-22
2.66975e-22
1.50941e-22
8.50903e-23
4.78294e-23
2.68073e-23
1.49816e-23
8.34861e-24
4.63897e-24
2.57031e-24
1.42006e-24
7.82334e-25
4.29775e-25
2.35428e-25
1.28601e-25
7.00498e-26
3.80492e-26
2.06093e-26
1.11318e-26
5.99586e-27
3.22053e-27
1.72503e-27
9.21424e-28
4.90819e-28
2.60726e-28
1.38118e-28
7.29666e-29
3.84421e-29
2.01976e-29
1.05827e-29
5.52932e-30
2.88023e-30
1.49462e-30
7.70591e-31
3.91118e-31
1.88983e-31
7.50649e-32
0
