0
1.14283e-146
3.89802e-143
6.0525e-140
5.74433e-137
3.77144e-134
1.83658e-131
6.94116e-129
2.10247e-126
5.22859e-124
1.08794e-121
1.92313e-119
2.92469e-117
3.86751e-115
4.4876e-113
4.60527e-111
4.20881e-109
3.44655e-107
2.54276e-105
1.69845e-103
1.0317e-101
5.72222e-100
2.90862e-98
1.35955e-96
5.86196e-95
2.33824e-93
8.65171e-92
2.97692e-90
9.54775e-89
2.8606e-87
8.02288e-86
2.11039e-84
5.21618e-83
1.21353e-81
2.66177e-80
5.51304e-79
1.07983e-77
2.00301e-76
3.52334e-75
5.88483e-74
9.34454e-73
1.41235e-71
2.03412e-70
2.79474e-69
3.66683e-68
4.59903e-67
5.51939e-66
6.3442e-65
6.99068e-64
7.39097e-63
7.50402e-62
7.32245e-61
6.87287e-60
6.20979e-59
5.40508e-58
4.53557e-57
3.67178e-56
2.86972e-55
2.16678e-54
1.58157e-53
1.11671e-52
7.63212e-52
5.05202e-51
3.24086e-50
2.01598e-49
1.21672e-48
7.12873e-48
4.05686e-47
2.24365e-46
1.20652e-45
6.31174e-45
3.21377e-44
1.59348e-43
7.69747e-43
3.62432e-42
1.6641e-41
7.45422e-41
3.25902e-40
1.3913e-39
5.80217e-39
2.36468e-38
9.42205e-38
3.67183e-37
1.40008e-36
5.22548e-36
1.90969e-35
6.83639e-35
2.39813e-34
8.24621e-34
2.78052e-33
9.19675e-33
2.98487e-32
9.50921e-32
2.9746e-31
9.13943e-31
2.75898e-30
8.1856e-30
2.38756e-29
6.84842e-29
1.93233e-28
5.36477e-28
1.46595e-27
3.94373e-27
1.04479e-26
2.72646e-26
7.01018e-26
1.77635e-25
4.43718e-25
1.09287e-24
2.65471e-24
6.36143e-24
1.50412e-23
3.50991e-23
8.08524e-23
1.83894e-22
4.1306e-22
9.16472e-22
2.00898e-21
4.35181e-21
9.31726e-21
1.97203e-20
4.12697e-20
8.54121e-20
1.74847e-19
3.54102e-19
7.09584e-19
1.40722e-18
2.76231e-18
5.36799e-18
1.03288e-17
1.96814e-17
3.71449e-17
6.94458e-17
1.28636e-16
2.3611e-16
4.29501e-16
7.74416e-16
1.38422e-15
2.45312e-15
4.31095e-15
7.51321e-15
1.29877e-14
2.22716e-14
3.78909e-14
6.39643e-14
1.07155e-13
1.78161e-13
2.94025e-13
4.81707e-13
7.83527e-13
1.26545e-12
2.02959e-12
3.23284e-12
5.11472e-12
8.03831e-12
1.25504e-11
1.94689e-11
3.00096e-11
4.59681e-11
6.99793e-11
1.05886e-10
1.5926e-10
2.38128e-10
3.53988e-10
5.23211e-10
7.68976e-10
1.12391e-09
1.6337e-09
2.36193e-09
3.39665e-09
4.8591e-09
6.91539e-09
9.79187e-09
1.37954e-08
1.93399e-08
2.6981e-08
3.74605e-08
5.17646e-08
7.11973e-08
9.74755e-08
1.32848e-07
1.8025e-07
2.43489e-07
3.27487e-07
4.38579e-07
5.8488e-07
7.76741e-07
1.02731e-06
1.35321e-06
1.7754e-06
2.32016e-06
3.0203e-06
3.9167e-06
5.05998e-06
6.51268e-06
8.3517e-06
1.06713e-05
1.35864e-05
1.72371e-05
2.17928e-05
2.74582e-05
3.44796e-05
4.31522e-05
5.38287e-05
6.69292e-05
8.29519e-05
0.000102486
0.000126226
0.000154988
0.000189728
0.00023156
0.000281783
0.000341901
0.000413654
0.00049905
0.000600393
0.000720326
0.000861866
0.00102845
0.00122399
0.0014529
0.00172017
0.00203143
0.002393
0.00281195
0.00329617
0.00385446
0.0044966
0.00523341
0.00607686
0.00704012
0.00813769
0.00938545
0.0108008
0.0124027
0.0142117
0.0162503
0.0185426
0.021115
0.0239955
0.0272146
0.0308047
0.0348006
0.0392395
0.0441609
0.0496069
0.0556219
0.0622529
0.0695498
0.0775646
0.0863523
0.0959705
0.106479
0.117941
0.130421
0.143987
0.15871
0.174661
0.191915
0.21055
0.230644
0.252278
0.275534
0.300497
0.327252
0.355886
0.386487
0.419143
0.453944
0.490979
0.530339
0.572112
0.616388
0.663256
0.712805
0.76512
0.820289
0.878394
0.939519
1.00374
1.07115
1.1418
1.21578
1.29316
1.374
1.45837
1.54633
1.63792
1.73322
1.83225
1.93507
2.04173
2.15224
2.26665
2.38499
2.50727
2.63351
2.76373
2.89793
3.03613
3.17831
3.32448
3.47463
3.62873
3.78679
3.94877
4.11464
4.28439
4.45796
4.63534
4.81648
5.00133
5.18984
5.38198
5.57767
5.77688
5.97953
6.18558
6.39496
6.6076
6.82343
7.0424
7.26443
7.48945
7.7174
7.94819
8.18176
8.41803
8.65693
8.89839
9.14233
9.38868
9.63737
9.88832
10.1415
10.3967
10.654
10.9133
11.1745
11.4375
11.7024
11.9689
12.237
12.5068
12.778
13.0507
13.3248
13.6003
13.877
14.155
14.4341
14.7143
14.9957
15.278
15.5613
15.8456
16.1307
16.4167
16.7035
16.991
17.2793
17.5682
17.8578
18.1481
18.4389
18.7303
19.0222
19.3146
19.6074
19.9007
20.1945
20.4886
20.7831
21.0779
21.3731
21.6686
21.9644
22.2605
22.5568
22.8534
23.1502
23.4472
23.7444
24.0419
24.3395
24.6372
24.9351
25.2332
25.5314
25.8297
26.1281
26.4267
26.7254
27.0241
27.323
27.6219
27.9209
28.22
28.5191
28.8183
29.1176
29.4169
29.7163
30.0157
30.3152
30.6147
30.9143
31.2138
31.5134
31.8131
32.1128
32.4125
32.7122
33.0119
33.3117
33.6115
33.9113
34.2111
34.5109
34.8108
35.1106
35.4105
35.7104
36.0103
36.3102
36.6101
36.91
37.2099
37.5098
37.8098
38.1097
38.4097
38.7096
39.0096
39.3095
39.6095
39.9094
40.2094
40.5094
40.8094
41.1093
41.4093
41.7093
42.0093
42.3093
42.6092
42.9092
43.2092
43.5092
43.8092
44.1092
44.4092
44.7092
45.0092
45.3091
45.6091
45.9091
46.2091
46.5091
46.8091
47.1091
47.4091
47.7091
48.0091
48.3091
48.6091
48.9091
49.2091
49.5091
49.8091
50.1091
50.4091
50.7091
51.0091
51.3091
51.6091
51.9091
52.2091
52.5091
52.8091
53.1091
53.4091
53.7091
54.0091
54.3091
54.6091
54.9091
55.2091
55.5091
55.8091
56.1091
56.4091
56.7091
57.0091
57.3091
57.6091
57.9091
58.2091
58.5091
58.8091
59.1091
59.4091
59.7091
60.0091
60.3091
60.6091
60.9091
61.2091
61.5091
61.8091
62.1091
62.4091
62.7091
63.0091
63.3091
63.6091
63.9091
64.2091
64.5091
64.8091
65.1091
65.4091
65.7091
66.0091
66.3091
66.6091
66.9091
67.2091
67.5091
67.8091
68.1091
68.4091
68.7091
69.0091
69.3091
69.6091
69.9091
70.2091
70.5091
70.8091
71.1091
71.4091
71.7091
72.0091
72.3091
72.6091
72.9091
73.2091
73.5091
73.809
74.109
74.409
74.709
75.009
75.309
75.609
75.909
76.209
76.509
76.809
77.109
77.409
77.709
78.009
78.3089
78.6089
78.9089
79.2089
79.5089
79.8089
80.1089
80.4088
80.7088
81.0088
81.3088
81.6087
81.9087
82.2087
82.5086
82.8086
83.1086
83.4085
83.7085
84.0084
84.3084
84.6083
84.9083
85.2082
85.5081
85.808
86.108
86.4079
86.7078
87.0077
87.3076
87.6074
87.9073
88.2072
88.507
88.8069
89.1067
89.4065
89.7063
90.0061
90.3059
90.6057
90.9054
91.2052
91.5049
91.8046
92.1043
92.4039
92.7035
93.0032
93.3027
93.6023
93.9018
94.2013
94.5008
94.8002
95.0996
95.399
95.6983
95.9976
96.2969
96.5961
96.8952
97.1943
97.4933
97.7923
98.0913
98.3901
98.6889
98.9877
99.2863
99.5849
99.8834
100.182
100.48
100.778
101.077
101.375
101.673
101.97
102.268
102.566
102.863
103.161
103.458
103.755
104.052
104.348
104.645
104.941
105.238
105.534
105.829
106.125
106.421
106.716
107.011
107.305
107.6
107.894
108.188
108.482
108.775
109.068
109.361
109.653
109.945
110.237
110.529
110.82
111.11
111.4
111.69
111.979
112.268
112.557
112.845
113.132
113.419
113.705
113.991
114.276
114.561
114.845
115.128
115.411
115.693
115.974
116.255
116.535
116.814
117.092
117.37
117.646
117.922
118.197
118.471
118.744
119.016
119.288
119.558
119.827
120.095
120.362
120.627
120.892
121.155
121.417
121.678
121.938
122.196
122.453
122.709
122.963
123.216
123.467
123.716
123.964
124.211
124.456
124.699
124.941
125.18
125.418
125.654
125.889
126.121
126.352
126.58
126.807
127.031
127.254
127.474
127.692
127.908
128.122
128.333
128.542
128.749
128.953
129.155
129.354
129.551
129.745
129.937
130.126
130.312
130.496
130.676
130.855
131.03
131.202
131.371
131.538
131.701
131.861
132.019
132.173
132.324
132.472
132.616
132.757
132.895
133.03
133.161
133.289
133.414
133.535
133.652
133.766
133.877
133.983
134.087
134.186
134.282
134.374
134.462
134.547
134.628
134.705
134.778
134.847
134.913
134.974
135.032
135.086
135.136
135.181
135.223
135.261
135.295
135.325
135.351
135.372
135.39
135.404
135.413
135.419
135.42
135.418
135.411
135.401
135.386
135.367
135.344
135.317
135.286
135.251
135.212
135.169
135.122
135.071
135.016
134.957
134.894
134.827
134.756
134.682
134.603
134.521
134.435
134.345
134.251
134.154
134.053
133.948
133.84
133.728
133.613
133.494
133.371
133.246
133.116
132.984
132.848
132.709
132.566
132.421
132.272
132.121
131.966
131.808
131.648
131.484
131.318
131.149
130.977
130.803
130.626
130.447
130.265
130.08
129.894
129.705
129.514
129.321
129.125
128.928
128.729
128.528
128.325
128.12
127.914
127.706
127.496
127.285
127.073
126.859
126.645
126.428
126.211
125.993
125.774
125.554
125.333
125.111
124.889
124.666
124.442
124.219
123.994
123.77
123.545
123.32
123.095
122.87
122.645
122.42
122.195
121.971
121.747
121.523
121.3
121.077
120.855
120.634
120.413
120.194
119.975
119.757
119.54
119.324
119.11
118.897
118.685
118.474
118.265
118.057
117.851
117.646
117.443
117.242
117.043
116.845
116.65
116.456
116.264
116.075
115.887
115.702
115.519
115.338
115.159
114.983
114.809
114.638
114.469
114.303
114.14
113.979
113.82
113.665
113.512
113.362
113.215
113.07
112.929
112.791
112.655
112.523
112.393
112.267
112.143
112.023
111.906
111.792
111.682
111.574
111.47
111.369
111.271
111.177
111.086
110.998
110.914
110.833
110.755
110.681
110.61
110.543
110.479
110.418
110.361
110.307
110.257
110.21
110.167
110.127
110.091
110.058
110.028
110.002
109.98
109.961
109.945
109.933
109.924
109.919
109.917
109.919
109.924
109.932
109.944
109.959
109.978
110
110.025
110.054
110.086
110.121
110.159
110.201
110.246
110.295
110.346
110.401
110.517
