0
0
0
0
0
0
0
0
0
0
0
0
0
0
0
0
0
0
0
0
0
0
0
0
0
0
0
0
0
0
0
0
0
1.79074e-302
1.01397e-301
4.78445e-301
2.01676e-300
8.03903e-300
3.174e-299
1.25189e-298
4.93627e-298
1.9449e-297
7.65762e-297
3.01298e-296
1.18469e-295
4.65502e-295
1.82786e-294
7.17253e-294
2.81259e-293
1.10216e-292
4.31608e-292
1.68903e-291
6.60523e-291
2.58132e-290
1.00809e-289
3.93421e-289
1.53432e-288
5.97968e-288
2.32884e-287
9.0636e-287
3.52502e-286
1.37e-285
5.32082e-285
2.06507e-284
8.00916e-284
3.10411e-283
1.20222e-282
4.6529e-282
1.79954e-281
6.95492e-281
2.68607e-280
1.03666e-279
3.99805e-279
1.54082e-278
5.93401e-278
2.28368e-277
8.78243e-277
3.37507e-276
1.29611e-275
4.97381e-275
1.90733e-274
7.30887e-274
2.79874e-273
1.07093e-272
4.09493e-272
1.56465e-271
5.97412e-271
2.27937e-270
8.69041e-270
3.31092e-269
1.2605e-268
4.7953e-268
1.82294e-267
6.92484e-267
2.62862e-266
9.97073e-266
3.77925e-265
1.43141e-264
5.4175e-264
2.04886e-263
7.7429e-263
2.92396e-262
1.10335e-261
4.1604e-261
1.56758e-260
5.90198e-260
2.22045e-259
8.3475e-259
3.13577e-258
1.17708e-257
4.41506e-257
1.65478e-256
6.19744e-256
2.31929e-255
8.67293e-255
3.24075e-254
1.21002e-253
4.51449e-253
1.68302e-252
6.26956e-252
2.33372e-251
8.68014e-251
3.22603e-250
1.19805e-249
4.44571e-249
1.64843e-248
6.10749e-248
2.26108e-247
8.36428e-247
3.09173e-246
1.14191e-245
4.21428e-245
1.55407e-244
5.72634e-244
2.10833e-243
7.75635e-243
2.85122e-242
1.04727e-241
3.84362e-241
1.40953e-240
5.16491e-240
1.89105e-239
6.91821e-239
2.52893e-238
9.23694e-238
3.37108e-237
1.22931e-236
4.47918e-236
1.63074e-235
5.93221e-235
2.15623e-234
7.83103e-234
2.84176e-233
1.03039e-232
3.73299e-232
1.35131e-231
4.88761e-231
1.76636e-230
6.37826e-230
2.30126e-229
8.29598e-229
2.98819e-228
1.07544e-227
3.86726e-227
1.38949e-226
4.98821e-226
1.78924e-225
6.41249e-225
2.29624e-224
8.21567e-224
2.93697e-223
1.04903e-222
3.74376e-222
1.33493e-221
4.75595e-221
1.69296e-220
6.02118e-220
2.13966e-219
7.59687e-219
2.69495e-218
9.55194e-218
3.38265e-217
1.19687e-216
4.23114e-216
1.49449e-215
5.27408e-215
1.85962e-214
6.55118e-214
2.30587e-213
8.10902e-213
2.84918e-212
1.0002e-211
3.50811e-211
1.22934e-210
4.30416e-210
1.50563e-209
5.2621e-209
1.83744e-208
6.41031e-208
2.23438e-207
7.78114e-207
2.70732e-206
9.41118e-206
3.26856e-205
1.13416e-204
3.93189e-204
1.36186e-203
4.71268e-203
1.62932e-202
5.62795e-202
1.9422e-201
6.69639e-201
2.30668e-200
7.93842e-200
2.72948e-199
9.37612e-199
3.21784e-198
1.10332e-197
3.77951e-197
1.29349e-196
4.42269e-196
1.51078e-195
5.15597e-195
1.75796e-194
5.98826e-194
2.03789e-193
6.92869e-193
2.35347e-192
7.98647e-192
2.70762e-191
9.17076e-191
3.10319e-190
1.04905e-189
3.54295e-189
1.19541e-188
4.0295e-188
1.35696e-187
4.5652e-187
1.53438e-186
5.15211e-186
1.72828e-185
5.79186e-185
1.93909e-184
6.48563e-184
2.16711e-183
7.23405e-183
2.41243e-182
8.03708e-182
2.67493e-181
8.89396e-181
2.95424e-180
9.80313e-180
3.24975e-179
1.07622e-178
3.56054e-178
1.17678e-177
3.88541e-177
1.28156e-176
4.22284e-176
1.39005e-175
4.57102e-175
1.5016e-174
4.92781e-174
1.61551e-173
5.29079e-173
1.73095e-172
5.65724e-172
1.84704e-171
6.02418e-171
1.96278e-170
6.38843e-170
2.07714e-169
6.74661e-169
2.18903e-168
7.09518e-168
2.29731e-167
7.43054e-167
2.40084e-166
7.74906e-166
2.49847e-165
8.04712e-165
2.58908e-164
8.32124e-164
2.67158e-163
8.56807e-163
2.74494e-162
8.78451e-162
2.80824e-161
8.96775e-161
2.86064e-160
9.11533e-160
2.90142e-159
9.22522e-159
2.93001e-158
9.29581e-158
2.94598e-157
9.32603e-157
2.94908e-156
9.31529e-156
2.93919e-155
9.26356e-155
2.9164e-154
9.17133e-154
2.88094e-153
9.03966e-153
2.83324e-152
8.87008e-152
2.77385e-151
8.66464e-151
2.7035e-150
8.42583e-150
2.62304e-149
8.15651e-149
2.53343e-148
7.85991e-148
2.43573e-147
7.53952e-147
2.33109e-146
7.19901e-146
2.22068e-145
6.84221e-145
2.10573e-144
6.473e-144
1.98748e-143
6.09525e-143
1.86712e-142
5.71274e-142
1.74584e-141
5.32912e-141
1.62477e-140
4.94783e-140
1.50495e-139
4.57208e-139
1.38735e-138
4.20477e-138
1.27285e-137
3.8485e-137
1.16221e-136
3.50552e-136
1.05608e-135
3.17771e-135
9.55003e-135
2.8666e-134
8.5941e-134
2.57337e-133
7.69614e-133
2.29885e-132
6.85824e-132
2.04352e-131
6.08149e-131
1.8076e-130
5.36605e-130
1.59099e-129
4.71125e-129
1.39336e-128
4.11572e-128
1.21418e-127
3.57744e-127
1.05272e-126
3.09389e-126
9.08126e-126
2.66217e-125
7.79418e-125
2.27903e-124
6.65542e-124
1.94108e-123
5.65394e-123
1.64475e-122
4.77845e-122
1.38647e-121
4.01764e-121
1.1627e-120
3.36043e-120
9.69963e-120
2.79606e-119
8.04945e-119
2.31427e-118
6.64491e-118
1.90541e-117
5.45648e-117
1.56048e-116
4.45682e-116
1.27119e-115
3.6209e-115
1.03e-114
2.926e-114
8.30091e-114
2.35174e-113
6.65371e-113
1.87996e-112
5.30446e-112
1.49466e-111
4.20578e-111
1.18183e-110
3.3164e-110
9.2935e-110
2.60071e-109
7.26779e-109
2.02819e-108
5.65212e-108
1.57292e-107
4.37115e-107
1.21304e-106
3.36158e-106
9.3025e-106
2.57064e-105
7.09364e-105
1.9547e-104
5.37863e-104
1.4779e-103
4.05504e-103
1.11102e-102
3.03967e-102
8.30431e-102
2.26545e-101
6.17127e-101
1.67867e-100
4.55956e-100
1.23665e-99
3.34916e-99
9.05707e-99
2.44569e-98
6.59438e-98
1.77544e-97
4.77302e-97
1.28126e-96
3.43425e-96
9.19137e-96
2.45628e-95
6.55428e-95
1.7463e-94
4.64576e-94
1.23407e-93
3.27313e-93
8.66817e-93
2.29208e-92
6.0516e-92
1.59531e-91
4.19907e-91
1.10355e-90
2.89576e-90
7.58685e-90
1.98466e-89
5.18367e-89
1.35179e-88
3.5197e-88
9.14997e-88
2.37494e-87
6.15462e-87
1.59244e-86
4.11377e-86
1.06103e-85
2.73227e-85
7.02468e-85
1.80317e-84
4.62114e-84
1.1824e-83
3.0205e-83
7.70358e-83
1.96157e-82
4.98664e-82
1.26563e-81
3.20697e-81
8.11284e-81
2.04898e-80
5.16642e-80
1.30054e-79
3.26844e-79
8.20044e-79
2.05405e-78
5.13644e-78
1.28229e-77
3.19583e-77
7.95155e-77
1.9751e-76
4.89769e-76
1.21243e-75
2.99632e-75
7.3923e-75
1.82066e-74
4.47647e-74
1.09875e-73
2.69223e-73
6.58533e-73
1.60802e-72
3.91971e-72
9.53806e-72
2.31691e-71
5.61823e-71
1.35997e-70
3.28621e-70
7.92678e-70
1.90867e-69
4.58771e-69
1.10075e-68
2.63639e-68
6.3031e-68
1.50426e-67
3.58352e-67
8.5215e-67
2.02273e-66
4.79265e-66
1.13351e-65
2.67598e-65
6.30595e-65
1.48328e-64
3.48256e-64
8.16162e-64
1.90921e-63
4.45786e-63
1.03895e-62
2.41689e-62
5.61189e-62
1.30062e-61
3.00868e-61
6.94683e-61
1.60096e-60
3.68257e-60
8.45475e-60
1.93743e-59
4.43121e-59
1.01156e-58
2.30477e-58
5.24118e-58
1.18958e-57
2.69478e-57
6.09271e-57
1.37485e-56
3.09637e-56
6.95992e-56
1.56137e-55
3.49586e-55
7.81175e-55
1.74215e-54
3.87761e-54
8.61351e-54
1.90956e-53
4.22492e-53
9.32903e-53
2.05581e-52
4.52122e-52
9.92321e-52
2.17356e-51
4.75126e-51
1.03649e-50
2.25649e-50
4.90246e-50
1.06293e-49
2.29987e-49
4.96599e-49
1.07007e-48
2.301e-48
4.93762e-48
1.05734e-47
2.25945e-47
4.81817e-47
1.02529e-46
2.17721e-46
4.61352e-46
9.75541e-46
2.05843e-45
4.33412e-45
9.10621e-45
1.90917e-44
3.99409e-44
8.33787e-44
1.73682e-43
3.61006e-43
7.48738e-43
1.54953e-42
3.19978e-42
6.59311e-42
1.35552e-41
2.78078e-41
5.69203e-41
1.16254e-40
2.36909e-40
4.81714e-40
9.77299e-40
1.97831e-39
3.99562e-39
8.05188e-39
1.61894e-38
3.24773e-38
6.50047e-38
1.29814e-37
2.58645e-37
5.14157e-37
1.01974e-36
2.01783e-36
3.98361e-36
7.8463e-36
1.54186e-35
3.02284e-35
5.91251e-35
1.15375e-34
2.24613e-34
4.36252e-34
8.45306e-34
1.63404e-33
3.15126e-33
6.06278e-33
1.16365e-32
2.22812e-32
4.25609e-32
8.11037e-32
1.54178e-31
2.92386e-31
5.53143e-31
1.04391e-30
1.96531e-30
3.69095e-30
6.91482e-30
1.29228e-29
2.40916e-29
4.48023e-29
8.31113e-29
1.53795e-28
2.83885e-28
5.22709e-28
9.60043e-28
1.75886e-27
3.21426e-27
5.85914e-27
1.06534e-26
1.93216e-26
3.49537e-26
6.30719e-26
1.13519e-25
2.03793e-25
3.64918e-25
6.51751e-25
1.16104e-24
2.06294e-24
3.65596e-24
6.46226e-24
1.13929e-23
2.00331e-23
3.51337e-23
6.1455e-23
1.07213e-22
1.86547e-22
3.23726e-22
5.60292e-22
9.67153e-22
1.66501e-21
2.85875e-21
4.89519e-21
8.3598e-21
1.42381e-20
2.41842e-20
4.09672e-20
6.92088e-20
1.16601e-19
1.95912e-19
3.28269e-19
5.48539e-19
9.14095e-19
1.51907e-18
2.51747e-18
4.16054e-18
6.85691e-18
1.12694e-17
1.84696e-17
3.01859e-17
4.91963e-17
7.99543e-17
1.29577e-16
2.09407e-16
3.37461e-16
5.42284e-16
8.68953e-16
1.38845e-15
2.21219e-15
3.5146e-15
5.56779e-15
8.79516e-15
1.38533e-14
2.17577e-14
3.40734e-14
5.32059e-14
8.28408e-14
1.28607e-13
1.99077e-13
3.07261e-13
4.72851e-13
7.25549e-13
1.11003e-12
1.69325e-12
2.5753e-12
3.90527e-12
5.90458e-12
8.90098e-12
1.33781e-11
2.00475e-11
2.99523e-11
4.46171e-11
6.62632e-11
9.81162e-11
1.44845e-10
2.13187e-10
3.1283e-10
4.57662e-10
6.67525e-10
9.70677e-10
1.40723e-09
2.03392e-09
2.93077e-09
4.21023e-09
6.02982e-09
8.60944e-09
1.22551e-08
1.73911e-08
2.46039e-08
3.47015e-08
4.87926e-08
6.83948e-08
9.55767e-08
1.3315e-07
1.84921e-07
2.56028e-07
3.53381e-07
4.86243e-07
6.66983e-07
9.12068e-07
1.24334e-06
1.68966e-06
2.28907e-06
3.09147e-06
4.16213e-06
5.58614e-06
7.47399e-06
9.96865e-06
1.32545e-05
1.75685e-05
2.32138e-05
3.05773e-05
4.01509e-05
5.25571e-05
6.85819e-05
8.92133e-05
0.000115689
0.000149552
0.000192725
0.000247586
0.000317071
0.000404791
0.00051517
0.000653605
0.000826659
0.00104228
0.00131007
0.00164154
0.00205051
0.00255344
0.00316991
0.00392305
0.00484018
0.00595336
0.00730007
0.008924
0.0108758
0.0132141
0.0160064
0.0193298
0.0232726
0.0279351
0.0334309
0.0398881
0.0474503
0.0562782
0.0665507
0.078466
0.0922427
0.108121
0.126364
0.147256
0.171109
0.198256
0.229056
0.263891
0.303168
0.347319
0.396796
0.452073
0.513643
0.582017
0.65772
0.741291
0.833276
0.934227
1.0447
1.16524
1.29641
1.43873
1.59273
1.7589
1.93773
2.12967
2.33514
2.55452
2.78815
3.03635
3.29936
3.57739
3.87062
4.17915
4.50305
4.84233
5.19695
5.56683
5.95183
6.35178
6.76647
7.19562
7.63896
8.09616
8.56686
9.0507
9.54728
10.0562
10.577
11.1093
11.6527
12.2066
12.7708
13.3448
13.9282
14.5206
15.1216
15.7308
16.348
16.9728
17.6048
18.244
18.8898
19.5423
20.201
20.8659
21.5367
22.2134
22.8957
23.5836
24.2769
24.9756
25.6796
26.3888
27.1032
27.8228
28.5475
29.2773
30.0122
30.7522
31.4972
32.2474
33.0026
33.7629
34.5282
35.2987
36.0743
36.855
37.6408
38.4317
39.2277
40.0288
40.835
41.6464
42.4628
43.2843
44.1109
44.9425
45.7791
46.6208
47.4675
48.3192
49.1758
50.0374
50.9039
51.7754
52.6517
53.533
54.4192
55.3104
56.2064
57.1074
58.0134
58.9244
59.8403
60.7614
61.6876
62.6189
63.5555
64.4973
65.4445
66.397
67.3551
68.3187
69.288
70.263
71.2437
72.2303
73.2229
74.2215
75.2261
76.237
77.254
78.2774
79.3071
80.3433
81.3859
82.435
83.4907
84.5529
85.6218
86.6974
87.7796
88.8685
89.9641
91.0664
92.1753
93.2909
94.413
95.5416
96.6766
97.818
98.9654
100.119
101.278
102.443
103.613
104.787
105.966
107.148
108.334
109.522
110.711
111.901
113.09
114.277
115.461
116.639
117.81
118.972
120.122
121.258
122.377
123.476
124.551
125.599
126.617
127.599
128.542
129.442
130.293
131.09
131.83
132.507
133.117
133.653
134.113
134.492
134.784
134.988
135.1
135.116
135.036
134.857
134.58
134.204
133.73
133.162
132.501
131.752
130.921
130.012
129.033
127.993
126.898
125.76
124.588
123.393
122.185
120.977
119.779
118.604
117.463
116.367
115.327
114.353
113.456
112.644
111.925
111.307
110.796
110.397
110.115
109.951
109.909
109.99
110.193
110.517
