90.4837
89.5382
89.57
89.4011
88.578
88.6114
88.2965
87.7046
87.7204
87.5503
87.1757
86.759
86.5157
86.1583
85.8074
85.5247
85.2295
84.9647
84.7185
84.4342
84.1157
83.789
83.4661
83.1504
82.8463
82.5546
82.2703
81.9859
81.6948
81.3944
81.0871
80.7775
80.4698
80.1665
79.8677
79.5719
79.2767
78.9803
78.6816
78.3808
78.0786
77.7764
77.4748
77.1743
76.8747
76.5756
76.2766
75.9773
75.6775
75.3774
75.077
74.7766
74.4763
74.1762
73.8762
73.5764
73.2765
72.9766
72.6767
72.3767
72.0766
71.7766
71.4766
71.1765
70.8765
70.5765
70.2765
69.9766
69.6766
69.3766
69.0766
68.7766
68.4766
68.1766
67.8766
67.5766
67.2766
66.9766
66.6766
66.3766
66.0766
65.7766
65.4766
65.1766
64.8766
64.5766
64.2766
63.9766
63.6766
63.3766
63.0766
62.7766
62.4766
62.1766
61.8766
61.5766
61.2766
60.9766
60.6766
60.3766
60.0766
59.7766
59.4766
59.1766
58.8766
58.5766
58.2766
57.9766
57.6766
57.3766
57.0766
56.7766
56.4766
56.1766
55.8766
55.5766
55.2766
54.9766
54.6766
54.3766
54.0766
53.7766
53.4766
53.1766
52.8766
52.5766
52.2766
51.9766
51.6766
51.3766
51.0766
50.7766
50.4766
50.1766
49.8766
49.5766
49.2766
48.9766
48.6766
48.3766
48.0766
47.7766
47.4766
47.1766
46.8766
46.5766
46.2766
45.9766
45.6766
45.3766
45.0766
44.7766
44.4766
44.1766
43.8766
43.5766
43.2766
42.9766
42.6766
42.3766
42.0766
41.7766
41.4766
41.1766
40.8766
40.5766
40.2766
39.9766
39.6766
39.3766
39.0766
38.7766
38.4766
38.1766
37.8766
37.5766
37.2766
36.9766
36.6766
36.3766
36.0766
35.7766
35.4766
35.1766
34.8766
34.5766
34.2766
33.9766
33.6766
33.3766
33.0766
32.7766
32.4766
32.1766
31.8766
31.5766
31.2766
30.9766
30.6766
30.3766
30.0766
29.7766
29.4766
29.1766
28.8767
28.5767
28.2767
27.9767
27.6768
27.3768
27.0769
26.777
26.4771
26.1772
25.8773
25.5774
25.2776
24.9778
24.678
24.3783
24.0786
23.7789
23.4794
23.1798
22.8804
22.581
22.2818
21.9826
21.6836
21.3847
21.086
20.7874
20.489
20.1909
19.8929
19.5952
19.2979
19.0008
18.7041
18.4077
18.1118
17.8163
17.5213
17.2269
16.933
16.6398
16.3472
16.0554
15.7644
15.4742
15.185
14.8967
14.6095
14.3233
14.0384
13.7547
13.4724
13.1915
12.9121
12.6343
12.3581
12.0837
11.8111
11.5405
11.2719
11.0053
10.741
10.479
10.2194
9.9622
9.70759
9.45564
9.20644
8.96007
8.71661
8.47616
8.2388
8.0046
7.77365
7.54602
7.32178
7.10101
6.88376
6.67011
6.46011
6.25381
6.05127
5.85254
5.65765
5.46665
5.27957
5.09643
4.91727
4.7421
4.57094
4.4038
4.24068
4.08159
3.92652
3.77547
3.62842
3.48536
3.34626
3.21111
3.07986
2.9525
2.82898
2.70925
2.59329
2.48104
2.37244
2.26746
2.16602
2.06808
1.97357
1.88242
1.79459
1.70998
1.62855
1.55022
1.47491
1.40255
1.33308
1.26642
1.20249
1.14122
1.08253
1.02636
0.972614
0.921232
0.872135
0.825251
0.780505
0.737827
0.697143
0.658384
0.621481
0.586364
0.552966
0.521222
0.491067
0.462438
0.435273
0.409511
0.385094
0.361965
0.340067
0.319346
0.29975
0.281229
0.263731
0.247211
0.23162
0.216916
0.203055
0.189995
0.177696
0.166121
0.155232
0.144993
0.135372
0.126334
0.11785
0.109888
0.102421
0.0954212
0.0888627
0.0827205
0.076971
0.0715917
0.0665612
0.0618589
0.0574657
0.053363
0.0495335
0.0459606
0.0426285
0.0395226
0.0366287
0.0339335
0.0314246
0.02909
0.0269187
0.0249
0.0230241
0.0212815
0.0196636
0.018162
0.0167689
0.0154771
0.0142796
0.0131701
0.0121425
0.011191
0.0103105
0.009496
0.00874278
0.00804654
0.00740321
0.006809
0.00626038
0.00575403
0.00528687
0.00485604
0.00445885
0.00409281
0.00375561
0.00344508
0.00315922
0.00289616
0.00265416
0.00243163
0.00222707
0.00203908
0.00186639
0.00170781
0.00156223
0.00142863
0.00130606
0.00119366
0.00109062
0.000996175
0.000909649
0.000830399
0.000757838
0.000691421
0.000630648
0.000575057
0.00052422
0.000477746
0.000435274
0.00039647
0.000361028
0.000328666
0.000299126
0.00027217
0.000247578
0.000225149
0.0002047
0.000186061
0.000169076
0.000153602
0.00013951
0.00012668
0.000115001
0.000104373
9.47044e-05
8.59108e-05
7.79151e-05
7.06468e-05
6.40414e-05
5.80401e-05
5.25889e-05
4.76388e-05
4.31447e-05
3.90657e-05
3.53645e-05
3.20067e-05
2.89613e-05
2.61999e-05
2.36967e-05
2.14279e-05
1.93722e-05
1.751e-05
1.58235e-05
1.42963e-05
1.29139e-05
1.16627e-05
1.05306e-05
9.50648e-06
8.58019e-06
7.74261e-06
6.98539e-06
6.30098e-06
5.68252e-06
5.12376e-06
4.61905e-06
4.16325e-06
3.75172e-06
3.38023e-06
3.04496e-06
2.74243e-06
2.4695e-06
2.22332e-06
2.00133e-06
1.80117e-06
1.62074e-06
1.45813e-06
1.3116e-06
1.17959e-06
1.06069e-06
9.536e-07
8.5718e-07
7.70378e-07
6.9225e-07
6.21942e-07
5.58682e-07
5.01774e-07
4.5059e-07
4.04561e-07
3.63176e-07
3.25973e-07
2.92534e-07
2.62485e-07
2.35486e-07
2.11231e-07
1.89446e-07
1.69881e-07
1.52315e-07
1.36544e-07
1.22388e-07
1.09684e-07
9.82837e-08
8.80559e-08
7.88811e-08
7.06522e-08
6.32728e-08
5.66562e-08
5.07245e-08
4.54076e-08
4.06424e-08
3.63724e-08
3.25466e-08
2.91194e-08
2.60496e-08
2.33003e-08
2.08385e-08
1.86344e-08
1.66613e-08
1.48953e-08
1.33147e-08
1.19004e-08
1.0635e-08
9.50296e-09
8.4904e-09
7.58481e-09
6.775e-09
6.05094e-09
5.40361e-09
4.82498e-09
4.3078e-09
3.84562e-09
3.43264e-09
3.06365e-09
2.73403e-09
2.4396e-09
2.17663e-09
1.9418e-09
1.73211e-09
1.54491e-09
1.37779e-09
1.22861e-09
1.09548e-09
9.76664e-10
8.70649e-10
7.76062e-10
6.91681e-10
6.16413e-10
5.4928e-10
4.89411e-10
4.36024e-10
3.88423e-10
3.45985e-10
3.08155e-10
2.74435e-10
2.44382e-10
2.176e-10
1.93734e-10
1.72471e-10
1.53527e-10
1.36652e-10
1.21621e-10
1.08234e-10
9.63116e-11
8.56952e-11
7.62425e-11
6.78267e-11
6.03348e-11
5.36659e-11
4.77301e-11
4.24474e-11
3.77463e-11
3.35632e-11
2.98412e-11
2.65299e-11
2.35841e-11
2.09638e-11
1.86332e-11
1.65604e-11
1.47171e-11
1.3078e-11
1.16206e-11
1.03248e-11
9.17283e-12
8.14881e-12
7.23858e-12
6.42957e-12
5.71057e-12
5.07163e-12
4.50386e-12
3.99938e-12
3.55116e-12
3.15297e-12
2.79924e-12
2.48502e-12
2.20594e-12
1.95807e-12
1.73794e-12
1.54246e-12
1.36888e-12
1.21476e-12
1.07793e-12
9.56445e-13
8.48604e-13
7.52877e-13
6.67908e-13
5.92495e-13
5.25565e-13
4.66169e-13
4.13462e-13
3.66694e-13
3.25197e-13
2.88381e-13
2.55718e-13
2.26743e-13
2.0104e-13
1.78241e-13
1.58019e-13
1.40084e-13
1.24179e-13
1.10073e-13
9.75652e-14
8.64742e-14
7.66401e-14
6.79211e-14
6.0191e-14
5.33382e-14
4.72633e-14
4.18783e-14
3.71052e-14
3.28745e-14
2.91249e-14
2.58018e-14
2.28569e-14
2.02472e-14
1.79346e-14
1.58855e-14
1.407e-14
1.24614e-14
1.10362e-14
9.77363e-15
8.65515e-15
7.66436e-15
6.78672e-15
6.00934e-15
5.32079e-15
4.71096e-15
4.17086e-15
3.69254e-15
3.26896e-15
2.89386e-15
2.5617e-15
2.26759e-15
2.00718e-15
1.77661e-15
1.57247e-15
1.39174e-15
1.23174e-15
1.0901e-15
9.6471e-16
8.53718e-16
7.55472e-16
6.68511e-16
5.91541e-16
5.23416e-16
4.63123e-16
4.09763e-16
3.6254e-16
3.2075e-16
2.83769e-16
2.51044e-16
2.22087e-16
1.96464e-16
1.73793e-16
1.53734e-16
1.35986e-16
1.20284e-16
1.06392e-16
9.41027e-17
8.32305e-17
7.36125e-17
6.51044e-17
5.75782e-17
5.09208e-17
4.50322e-17
3.98235e-17
3.52166e-17
3.11418e-17
2.7538e-17
2.43506e-17
2.15317e-17
1.90387e-17
1.6834e-17
1.48843e-17
1.31602e-17
1.16355e-17
1.02873e-17
9.09512e-18
8.04094e-18
7.10882e-18
6.28463e-18
5.5559e-18
4.91158e-18
4.34191e-18
3.83825e-18
3.39295e-18
2.99926e-18
2.65122e-18
2.34352e-18
2.0715e-18
1.83103e-18
1.61845e-18
1.43052e-18
1.2644e-18
1.11756e-18
9.87755e-19
8.73015e-19
7.71593e-19
6.81945e-19
6.02705e-19
5.32666e-19
4.70761e-19
4.16044e-19
3.67684e-19
3.2494e-19
2.87163e-19
2.53775e-19
2.24266e-19
1.98187e-19
1.75138e-19
1.54769e-19
1.36767e-19
1.20858e-19
1.06799e-19
9.4374e-20
8.3394e-20
7.36909e-20
6.51162e-20
5.75389e-20
5.08429e-20
4.49258e-20
3.96971e-20
3.50766e-20
3.09938e-20
2.7386e-20
2.4198e-20
2.1381e-20
1.88919e-20
1.66924e-20
1.47489e-20
1.30317e-20
1.15143e-20
1.01736e-20
8.98891e-21
7.94217e-21
7.01729e-21
6.20009e-21
5.47804e-21
4.84007e-21
4.27638e-21
3.77833e-21
3.33827e-21
2.94946e-21
2.60593e-21
2.30241e-21
2.03424e-21
1.7973e-21
1.58795e-21
1.40299e-21
1.23957e-21
1.09519e-21
9.67621e-22
8.54912e-22
7.55332e-22
6.67351e-22
5.89618e-22
5.2094e-22
4.60261e-22
4.06651e-22
3.59286e-22
3.17438e-22
2.80464e-22
2.47798e-22
2.18937e-22
1.93437e-22
1.70908e-22
1.51003e-22
1.33417e-22
1.17879e-22
1.04151e-22
9.20224e-23
8.13062e-23
7.18382e-23
6.34729e-23
5.6082e-23
4.95519e-23
4.37823e-23
3.86847e-23
3.41808e-23
3.02013e-23
2.66854e-23
2.35788e-23
2.0834e-23
1.84088e-23
1.62661e-23
1.43728e-23
1.26999e-23
1.12219e-23
9.91588e-24
8.76194e-24
7.74234e-24
6.84143e-24
6.04539e-24
5.34202e-24
4.72051e-24
4.17134e-24
3.68609e-24
3.25732e-24
2.87844e-24
2.54365e-24
2.24782e-24
1.98641e-24
1.75541e-24
1.55129e-24
1.37092e-24
1.21153e-24
1.07068e-24
9.46218e-25
8.36229e-25
7.39032e-25
6.53139e-25
5.77235e-25
5.10156e-25
4.50877e-25
3.9849e-25
3.52193e-25
3.11279e-25
2.7512e-25
2.43164e-25
2.14923e-25
1.89963e-25
1.67904e-25
1.48408e-25
1.31177e-25
1.15948e-25
1.02489e-25
9.05924e-26
8.0078e-26
7.07848e-26
6.25708e-26
5.53106e-26
4.88935e-26
4.32214e-26
3.82078e-26
3.37762e-26
2.98589e-26
2.63964e-26
2.33356e-26
2.06301e-26
1.82384e-26
1.61243e-26
1.42554e-26
1.26032e-26
1.11428e-26
9.85164e-27
8.71026e-27
7.70121e-27
6.80916e-27
6.02052e-27
5.3233e-27
4.70689e-27
4.16192e-27
3.6801e-27
3.2541e-27
2.87747e-27
2.54446e-27
2.25002e-27
1.98969e-27
1.7595e-27
1.55597e-27
1.37601e-27
1.21687e-27
1.07616e-27
9.51735e-28
8.41709e-28
7.44414e-28
6.58376e-28
5.82292e-28
5.15009e-28
4.55508e-28
4.02887e-28
3.56352e-28
3.15197e-28
2.78799e-28
2.46609e-28
2.18139e-28
1.92959e-28
1.70689e-28
1.50991e-28
1.33569e-28
1.18159e-28
1.04529e-28
9.24728e-29
8.18086e-29
7.23755e-29
6.40313e-29
5.665e-29
5.01206e-29
4.43445e-29
3.92348e-29
3.47146e-29
3.07156e-29
2.71778e-29
2.4048e-29
2.1279e-29
1.88292e-29
1.66617e-29
1.4744e-29
1.30473e-29
1.1546e-29
1.02177e-29
9.0424e-30
8.00242e-30
7.08219e-30
6.26791e-30
5.54735e-30
4.90973e-30
4.34548e-30
3.84615e-30
3.40427e-30
3.01321e-30
2.66713e-30
2.36085e-30
2.08978e-30
1.84987e-30
1.63753e-30
1.4496e-30
1.28326e-30
1.13603e-30
1.00572e-30
8.90368e-31
7.88265e-31
6.97884e-31
6.17878e-31
5.47055e-31
4.8436e-31
4.28858e-31
3.79723e-31
3.36224e-31
2.97713e-31
2.63618e-31
2.33432e-31
2.06705e-31
1.83041e-31
1.62088e-31
1.43534e-31
1.27106e-31
1.12558e-31
9.96744e-32
8.8265e-32
7.81604e-32
6.92106e-32
6.12833e-32
5.42611e-32
4.804e-32
4.25279e-32
3.76435e-32
3.33145e-32
2.9477e-32
2.60744e-32
2.30563e-32
2.03785e-32
1.80014e-32
1.58901e-32
1.40135e-32
1.23441e-32
1.08574e-32
9.53176e-33
8.34779e-33
7.28828e-33
6.33786e-33
5.48282e-33
4.71087e-33
4.01099e-33
3.37328e-33
2.78876e-33
2.24931e-33
1.74752e-33
1.2766e-33
8.30262e-34
0
